CIRCLE 725 401 175 1.000000 1.000000 1.000000 Bresenham
CIRCLE 725 400 227 1.000000 1.000000 1.000000 Midpoint
LINE 360 85 632 93 1.000000 1.000000 1.000000 Bresenham
LINE 347 159 342 339 1.000000 1.000000 1.000000 DDA
LINE 346 162 567 173 1.000000 1.000000 1.000000 DDA
LINE 635 92 633 93 1.000000 1.000000 1.000000 DDA
LINE 568 172 637 92 1.000000 1.000000 1.000000 DDA
LINE 346 155 365 84 1.000000 1.000000 1.000000 DDA
CURVE 4 414 245 575 250 402 453 650 444 1.000000 0.200000 0.200000
CURVE 4 857 119 1060 124 1048 291 862 267 1.000000 0.200000 0.200000
CURVE 4 706 371 949 382 714 539 946 520 1.000000 0.200000 0.200000
CURVE 4 613 224 806 245 586 367 789 335 1.000000 1.000000 1.000000
